100
78
52
54
5
54
44
73
33
73
16
86
95
86
39
98
13
98
64
46
58
46
23
49
82
49
32
84
90
84
11
41
24
41
62
12
48
12
92
45
6
45
69
97
67
97
76
4
89
4
51
7
94
7
43
9
65
9
0
19
81
19
88
15
63
15
22
17
35
17
34
28
31
28
80
29
20
29
87
10
85
10
74
27
79
27
70
50
36
50
56
55
40
55
26
2
38
2
68
18
8
18
78
60
54
60
73
99
86
99
98
66
46
66
49
3
84
3
41
93
12
93
45
47
97
47
4
71
7
71
9
30
19
30
15
25
17
25
28
91
29
91
10
1
27
1
50
59
55
59
2
42
18
42
60
96
99
96
66
57
3
57
93
77
47
77
71
83
30
83
25
37
91
37
1
75
59
75
42
61
96
61
57
53
77
53
83
14
37
14
75
21
61
21
53
72
14
72
21
-1
87
39
