1000
390
661
738
631
738
759
426
626
426
603
820
365
820
484
154
694
154
591
777
586
777
417
0
796
0
522
649
733
649
491
838
911
838
916
526
416
526
253
617
839
617
284
876
630
876
31
900
627
900
68
560
812
560
502
315
864
315
612
277
423
277
345
348
233
348
74
735
81
735
986
994
103
994
972
724
199
724
283
650
435
650
347
859
17
859
511
303
546
303
132
195
652
195
715
495
895
495
557
800
49
800
673
301
553
301
794
749
779
749
263
540
432
540
434
410
559
410
351
329
61
329
730
515
236
515
952
847
135
847
44
867
962
867
422
155
786
155
536
686
884
686
403
721
950
721
488
210
879
210
307
338
998
338
507
808
757
808
380
341
605
341
309
842
313
842
194
142
385
142
948
391
597
391
834
732
147
732
12
261
278
261
378
949
865
949
73
645
276
645
152
618
576
618
551
840
943
840
666
570
726
570
883
257
667
257
386
548
295
548
843
821
708
821
292
606
354
606
97
780
573
780
927
513
739
513
768
494
632
494
406
86
91
86
634
837
249
837
552
466
805
466
773
792
583
792
579
568
841
568
527
334
62
334
898
444
289
444
166
197
398
197
374
83
830
83
402
181
558
181
415
975
170
975
24
740
797
740
250
642
93
642
519
662
772
662
887
826
188
826
169
711
360
711
464
978
547
978
543
256
846
256
941
565
778
565
178
833
373
833
677
849
584
849
784
425
467
425
384
38
203
38
550
653
331
653
40
141
10
141
756
193
358
193
787
255
587
255
610
209
56
209
944
804
753
804
66
934
205
934
894
936
304
936
669
353
646
353
128
6
766
6
182
539
11
539
116
454
765
454
924
882
980
882
734
692
279
692
714
107
863
107
252
644
891
644
683
982
716
982
443
237
680
237
789
885
682
885
447
264
72
264
158
946
906
946
750
70
270
70
465
704
230
704
935
731
953
731
383
615
665
615
387
654
251
654
218
687
919
687
896
723
350
723
974
297
590
297
938
164
878
164
458
171
976
171
389
747
813
747
881
915
394
915
96
451
453
451
521
222
340
222
308
189
90
189
448
992
989
992
442
977
437
977
600
54
53
54
159
456
691
456
517
60
719
60
336
973
815
973
695
123
121
123
457
635
835
635
487
801
396
801
35
875
125
875
920
34
5
34
575
28
640
28
578
520
187
520
785
810
85
810
240
700
628
700
845
984
696
984
475
405
479
405
232
441
202
441
235
890
981
890
271
633
736
633
775
333
659
333
421
917
748
917
614
728
439
728
742
286
582
286
75
561
567
561
367
293
562
293
678
922
357
922
685
531
688
531
317
928
431
928
310
449
461
449
95
59
157
59
690
720
951
720
260
440
80
440
713
816
506
816
534
902
19
902
247
596
30
596
167
471
446
471
592
929
460
929
269
111
67
111
470
947
901
947
869
822
151
822
581
709
706
709
376
33
762
33
306
965
823
965
572
430
802
430
112
983
162
983
888
312
50
312
280
3
940
3
710
955
525
955
377
9
968
9
871
198
82
198
985
790
643
790
954
401
966
401
636
803
156
803
554
57
258
57
999
737
657
737
29
428
244
428
535
899
149
899
381
589
241
589
118
314
771
314
20
817
602
817
78
892
176
892
811
563
741
563
905
549
907
549
207
408
672
408
960
344
707
344
186
933
69
933
332
481
717
481
140
229
760
229
791
231
102
231
807
248
266
248
216
204
427
204
212
150
870
150
945
192
211
192
533
832
620
832
346
328
608
328
161
776
228
776
793
524
299
524
541
32
912
32
910
769
873
769
601
861
196
861
288
857
424
857
445
818
87
818
722
971
499
971
482
245
501
245
852
325
321
325
763
459
174
459
809
55
493
55
478
227
486
227
131
88
874
88
827
127
153
127
725
538
219
538
699
337
36
337
932
43
703
43
829
138
767
138
42
656
143
656
320
366
897
366
327
129
281
129
349
993
574
993
926
693
395
693
51
16
855
16
342
798
45
798
671
89
362
89
226
225
856
225
144
997
858
997
369
224
569
224
94
58
98
58
512
76
419
76
528
825
964
825
201
409
23
409
594
139
593
139
13
355
452
355
474
718
136
718
215
318
375
318
655
71
265
71
937
316
752
316
339
831
319
831
514
243
254
243
480
145
585
145
126
429
913
429
684
64
242
64
701
473
908
473
463
641
904
641
122
851
995
851
267
959
755
959
987
302
668
302
7
958
146
958
961
848
824
848
148
14
498
14
160
2
190
2
909
489
697
489
658
323
99
323
134
860
967
860
939
298
120
298
390
923
738
923
426
774
820
774
154
921
777
921
0
18
649
18
838
65
526
65
617
844
876
844
900
379
560
379
315
239
277
239
348
392
735
392
994
200
724
200
650
743
859
743
303
282
195
282
495
104
800
104
301
223
749
223
540
504
410
504
329
806
515
806
847
529
867
529
155
660
686
660
721
114
210
114
338
744
808
744
341
781
842
781
142
177
391
177
732
508
261
508
949
21
645
21
618
220
840
220
570
294
257
294
548
868
821
868
606
259
780
259
513
173
494
173
86
272
837
272
466
613
792
613
568
607
334
607
444
886
197
886
83
761
181
761
975
208
740
208
642
455
662
455
826
957
711
957
978
214
256
214
565
664
833
664
849
234
425
234
38
363
653
363
141
492
193
492
255
990
209
990
804
485
934
485
936
751
353
751
6
795
539
795
454
814
882
814
692
46
107
46
644
604
982
604
237
681
885
681
264
925
946
925
70
518
704
518
731
854
615
854
654
712
687
712
723
621
297
621
164
356
171
356
747
931
915
931
451
663
222
663
189
903
992
903
977
273
54
273
456
105
60
105
973
25
123
25
635
625
801
625
875
942
34
942
28
113
520
113
810
862
700
862
984
268
405
268
441
580
890
580
633
246
333
246
917
544
728
544
286
889
561
889
293
117
922
117
531
588
928
588
449
670
59
670
720
639
440
639
816
609
902
609
596
877
471
877
929
84
111
84
947
368
822
368
709
542
33
542
965
412
430
412
983
404
312
404
3
92
955
92
9
397
198
397
790
469
401
469
803
799
57
799
737
179
428
179
899
418
589
418
314
505
817
505
892
679
563
679
549
853
408
853
344
599
933
599
481
41
229
41
231
115
248
115
204
450
150
450
192
729
832
729
328
274
776
274
524
462
32
462
769
108
861
108
857
39
818
39
971
172
245
172
325
516
459
516
55
637
227
637
88
407
127
407
538
137
337
137
43
638
138
638
656
110
366
110
129
702
993
702
693
880
16
880
798
819
89
819
225
213
997
213
224
472
58
472
76
414
825
414
409
109
139
109
355
836
718
836
318
991
71
991
316
290
831
290
243
184
145
184
429
165
64
165
473
698
641
698
851
168
959
168
302
996
958
996
848
324
14
324
2
956
489
956
323
674
860
674
298
782
923
782
774
509
921
509
18
262
65
262
844
300
379
300
239
343
392
343
200
828
743
828
282
564
104
564
223
400
504
400
806
101
529
101
660
595
114
595
744
476
781
476
177
624
508
624
21
370
220
370
294
764
868
764
259
52
173
52
272
311
613
311
607
850
886
850
761
497
208
497
455
754
957
754
214
930
664
930
234
275
363
275
492
477
990
477
485
530
751
530
795
393
814
393
46
571
604
571
681
175
925
175
518
648
854
648
712
411
621
411
356
866
931
866
663
352
903
352
273
8
105
8
25
420
625
420
942
555
113
555
862
26
268
26
580
468
246
468
544
616
889
616
117
185
588
185
670
382
639
382
609
705
877
705
84
372
368
372
542
500
412
500
404
537
92
537
397
676
469
676
799
296
179
296
418
623
505
623
679
872
853
872
599
287
41
287
115
330
450
330
729
37
274
37
462
651
108
651
39
119
172
119
516
130
637
130
407
647
137
647
638
359
110
359
702
217
880
217
819
988
213
988
472
914
414
914
109
770
836
770
991
545
290
545
184
433
165
433
698
532
168
532
996
361
324
361
956
598
674
598
782
47
509
47
262
503
300
503
343
399
828
399
564
326
400
326
101
727
595
727
476
22
624
22
370
483
764
483
52
305
311
305
850
221
497
221
754
611
930
611
275
979
477
979
530
191
393
191
571
364
175
364
648
413
411
413
866
566
352
566
8
510
420
510
555
388
26
388
468
27
616
27
185
629
382
629
705
746
372
746
500
490
537
490
676
689
296
689
623
206
872
206
287
622
330
622
37
79
651
79
119
963
130
963
647
163
359
163
217
100
988
100
914
496
770
496
545
893
433
893
532
106
361
106
598
619
47
619
503
133
399
133
326
556
727
556
22
523
483
523
305
4
221
4
611
180
979
180
191
48
364
48
413
371
566
371
510
788
388
788
27
124
629
124
746
783
490
783
689
436
206
436
622
322
79
322
963
758
163
758
100
77
496
77
893
969
106
969
619
918
133
918
556
183
523
183
4
438
180
438
48
577
371
577
788
15
124
15
783
745
436
745
322
1
758
1
77
675
969
675
918
63
183
63
438
285
577
285
15
970
745
970
1
238
675
238
63
291
285
291
970
335
238
335
291
-1
113
896
