0
97
0
54
1
13
1
30
1
86
0
75
0
15
1
32
0
79
2
97
1
48
1
7
0
5
2
77
1
16
0
61
0
37
2
96
1
47
2
22
2
12
2
26
2
14
1
94
2
9
1
23
0
60
0
48
0
87
0
9
0
14
0
63
0
85
1
19
0
66
1
84
0
97
2
13
0
9
2
41
0
62
1
90
2
70
0
53
1
50
1
44
0
40
0
62
1
56
2
77
1
36
1
17
0
7
2
29
2
82
2
58
1
98
2
48
0
14
1
18
0
74
2
18
0
32
1
82
2
95
1
62
2
70
2
68
0
57
2
94
2
7
0
10
0
66
2
75
2
8
2
20
2
2
1
31
0
28
2
20
2
24
2
39
0
56
0
1
2
4
1
99
0
21
2
98
0
25
0
39
1
7
0
93
2
90
1
14
2
50
1
62
1
67
1
12
1
59
1
28
1
30
0
53
2
32
2
20
1
24
1
81
1
17
2
83
0
43
2
76
0
15
2
26
2
39
2
13
1
81
0
5
2
66
1
92
0
96
0
18
0
90
2
69
0
64
0
1
2
4
0
24
0
63
2
59
0
96
1
77
0
14
2
32
1
41
0
55
2
69
2
15
1
40
2
59
0
74
1
38
2
49
0
63
2
74
2
49
1
79
2
53
0
48
0
22
0
74
1
27
0
43
0
76
0
60
1
34
0
13
1
93
1
63
0
65
1
32
2
13
2
59
1
85
2
90
2
89
0
98
2
72
2
2
1
7
1
5
2
63
2
14
2
3
1
33
2
53
1
73
2
81
1
4
2
32
2
76
2
83
2
24
0
9
2
98
0
9
1
45
2
18
1
97
2
33
0
64
1
89
0
68
1
15
2
27
0
11
2
25
1
55
0
32
1
19
2
74
2
43
1
52
0
18
1
58
0
80
0
31
2
46
0
3
2
33
1
60
1
29
0
94
0
77
2
3
2
37
1
80
1
84
1
46
0
36
0
97
1
78
0
31
2
95
1
36
0
97
0
61
0
47
1
80
2
70
0
36
2
49
1
2
1
88
0
48
1
79
0
26
2
73
2
79
1
30
2
5
0
70
2
49
2
5
1
37
1
52
2
52
2
89
2
90
0
3
2
61
0
84
0
56
2
44
1
59
1
47
1
16
0
36
1
13
1
55
2
38
2
9
2
26
2
21
2
18
2
53
2
66
1
27
0
85
2
40
1
72
0
80
1
74
1
32
2
59
0
56
0
43
2
43
2
15
0
62
2
79
2
87
0
26
1
8
2
31
1
19
1
21
0
15
0
43
1
8
1
35
2
9
2
72
1
32
2
13
1
76
0
49
2
67
1
18
2
2
1
44
2
66
0
11
0
29
1
11
2
30
2
15
2
17
2
25
1
19
1
43
0
31
0
20
2
91
0
69
2
70
2
50
2
90
0
84
2
61
0
30
1
73
1
53
2
73
0
54
0
13
2
34
0
14
2
80
1
26
2
31
0
11
1
78
0
50
0
51
2
88
2
0
1
53
1
25
0
97
0
6
0
76
0
96
1
14
2
41
1
24
2
89
2
94
2
28
1
38
2
90
1
1
2
37
2
54
1
70
1
73
0
99
1
66
0
5
1
54
1
22
0
29
0
18
2
7
1
41
1
14
2
9
0
86
0
40
1
36
1
8
1
48
0
95
2
57
1
40
0
55
1
81
2
41
2
39
1
17
2
2
2
98
2
96
2
37
2
79
0
44
1
92
1
86
2
16
1
43
0
13
1
41
1
97
2
21
0
39
2
61
2
70
0
39
2
84
1
82
1
92
1
96
1
73
0
29
1
12
0
31
1
17
0
67
1
53
1
72
2
74
0
47
2
84
1
67
2
37
0
71
2
53
0
18
0
64
2
55
0
60
1
93
2
59
0
66
1
74
2
89
2
21
1
66
0
16
1
24
2
10
0
22
2
40
0
21
0
16
0
53
0
32
1
70
2
55
0
38
0
60
0
54
1
11
2
43
2
49
1
89
0
35
2
67
2
82
0
5
0
34
0
94
0
20
2
36
0
74
1
19
2
28
0
87
1
61
1
34
0
85
2
34
2
32
2
15
1
59
1
74
2
68
2
71
2
44
1
65
0
92
2
48
2
44
0
86
1
50
0
59
2
30
2
51
2
34
1
62
1
67
1
25
2
89
0
76
1
32
1
36
0
71
2
13
0
65
0
4
1
75
1
77
0
33
1
33
1
41
1
28
0
2
1
24
0
78
2
96
1
60
2
33
1
85
0
96
0
26
1
78
0
10
0
76
2
31
1
78
2
92
2
68
0
0
1
93
0
17
0
16
2
4
1
4
0
10
0
75
1
89
0
15
0
10
0
26
2
90
0
20
2
27
1
91
1
97
0
63
1
86
2
16
0
95
0
45
1
17
0
55
1
25
2
79
2
80
1
93
1
79
0
62
2
38
2
28
2
44
1
82
0
8
0
87
1
3
1
56
0
2
2
95
1
61
1
78
1
30
0
89
2
74
0
20
1
83
0
5
1
3
1
58
2
63
1
86
0
18
1
66
1
86
0
64
1
79
0
60
2
24
0
27
1
86
0
30
1
87
2
99
1
76
0
43
0
36
2
72
0
41
0
34
2
12
1
82
0
49
1
1
1
57
1
3
0
89
1
4
2
92
2
21
1
36
1
58
0
34
2
71
2
48
0
8
2
29
1
56
0
84
0
10
0
53
0
25
0
14
1
99
0
17
1
13
1
36
2
49
0
97
1
61
2
15
2
80
0
96
1
47
0
89
0
22
1
65
1
48
0
76
0
5
1
95
1
84
2
2
1
58
2
30
2
58
2
26
2
38
2
93
1
30
0
98
1
53
1
64
2
41
2
5
2
72
2
25
1
5
1
91
1
44
2
8
1
20
2
93
2
98
2
1
0
83
1
28
1
99
0
10
0
40
1
23
1
63
0
11
2
85
0
91
1
35
1
28
0
80
0
92
0
65
0
27
0
60
0
39
2
56
1
36
1
68
1
35
1
58
2
14
1
84
1
70
1
47
2
21
0
69
2
79
2
97
0
52
0
21
1
62
1
64
2
98
0
18
2
89
1
65
0
78
1
74
2
91
2
45
1
0
1
53
2
21
0
20
2
35
0
76
0
27
0
80
1
38
1
57
2
65
1
1
1
29
1
46
1
96
0
43
1
48
1
29
2
92
0
21
1
76
0
30
0
93
0
34
0
30
1
3
2
51
2
12
2
49
1
84
1
52
2
15
0
9
0
17
0
94
0
12
0
92
1
6
0
15
0
60
2
10
0
57
2
11
2
24
2
22
2
66
0
98
1
8
1
96
0
64
1
97
0
22
0
50
0
14
0
95
2
1
1
61
0
70
1
5
0
88
1
3
2
82
1
31
0
30
0
36
1
55
2
47
1
93
2
67
2
95
0
35
0
85
0
31
0
12
0
81
0
36
1
56
0
33
0
20
2
61
0
77
2
17
1
1
1
71
1
10
2
69
0
48
0
56
1
53
1
76
0
18
1
52
0
22
2
58
0
27
0
5
2
8
2
7
2
63
2
34
1
63
2
47
1
14
0
99
2
34
1
81
0
18
0
44
0
52
2
74
2
49
1
35
0
13
2
65
1
69
1
48
0
15
1
10
0
85
1
12
2
19
2
13
2
67
2
33
0
75
0
1
1
54
1
30
1
47
2
67
0
59
0
64
0
77
0
37
0
49
0
49
1
7
2
61
0
3
2
38
1
65
1
58
0
58
2
41
2
10
1
88
0
97
0
79
1
46
0
61
0
38
2
1
0
54
0
4
2
76
2
38
0
69
2
74
0
45
1
22
0
74
1
20
1
90
1
23
1
53
2
26
2
92
0
80
2
17
0
24
1
35
0
75
0
9
2
97
1
58
1
17
2
8
0
93
2
40
2
58
1
86
1
4
1
67
2
14
1
43
2
30
2
60
0
32
2
57
0
98
1
3
1
60
1
76
0
5
1
65
1
18
1
66
0
38
0
2
0
40
0
97
2
17
0
3
0
50
0
45
0
74
1
67
1
64
1
17
0
61
1
23
2
45
0
89
1
33
0
83
0
40
1
26
0
62
0
96
2
75
2
18
2
60
0
41
1
46
0
43
2
96
2
84
1
18
1
65
1
12
2
8
2
56
0
86
0
81
2
42
2
45
0
0
2
78
1
78
2
77
1
86
1
95
2
41
0
29
2
44
1
88
1
50
2
19
2
26
1
5
0
99
1
59
2
90
1
34
1
87
0
61
2
7
2
74
0
70
1
23
1
66
1
49
1
34
0
69
1
53
0
23
1
82
0
72
2
24
2
88
2
14
1
2
2
38
1
96
2
35
1
94
2
62
0
42
2
86
0
2
1
96
1
3
1
58
0
34
2
66
0
41
1
64
2
68
1
54
1
34
0
80
0
80
2
72
0
36
2
27
2
30
2
6
0
8
1
69
0
61
2
69
1
97
1
65
0
87
1
87
2
84
1
81
2
52
1
21
0
39
1
25
0
42
-1
